######################################################################################
###
### Scale Score and Theta Cutscores for PARCC 2014_2015.1, 2014_2015.2, 2015_2016.1
###
#####################################################################################

PARCC_Cutscores <- list(
    ELA_SS =list(
        GRADE_3=c(700, 725, 750, 810),
        GRADE_4=c(700, 725, 750, 790),
        GRADE_5=c(700, 725, 750, 799),
        GRADE_6=c(700, 725, 750, 790),
        GRADE_7=c(700, 725, 750, 785),
        GRADE_8=c(700, 725, 750, 794),
        GRADE_9=c(700, 725, 750, 791),
        GRADE_10=c(700, 725, 750, 794),
        GRADE_11=c(700, 725, 750, 792)),
    MATHEMATICS_SS =list(
        GRADE_3=c(700, 725, 750, 790),
        GRADE_4=c(700, 725, 750, 796),
        GRADE_5=c(700, 725, 750, 790),
        GRADE_6=c(700, 725, 750, 788),
        GRADE_7=c(700, 725, 750, 786),
        GRADE_8=c(700, 725, 750, 801)),
    ALGEBRA_I_SS =list(
        GRADE_EOCT=c(700, 725, 750, 805)),
    ALGEBRA_II_SS =list(
        GRADE_EOCT=c(700, 725, 750, 808)),
    GEOMETRY_SS=list(
        GRADE_EOCT=c(700, 725, 750, 783)),
    INTEGRATED_MATH_1_SS=list(
        GRADE_EOCT=c(700, 725, 750, 799)),
    INTEGRATED_MATH_2_SS=list(
        GRADE_EOCT=c(700, 725, 750, 785)),
    INTEGRATED_MATH_3_SS=list(
        GRADE_EOCT=c(700, 725, 750, 804)),

    ELA=list(
        GRADE_3=c(-0.9769, -0.2867, 0.4034, 2.0652),
        GRADE_4=c(-1.3276, -0.5156, 0.2965, 1.6011),
        GRADE_5=c(-1.3768, -0.5285, 0.3199, 1.9854),
        GRADE_6=c(-1.3649, -0.4946, 0.3757, 1.7686),
        GRADE_7=c(-1.1752, -0.4374, 0.3004, 1.3373),
        GRADE_8=c(-1.1431, -0.4148, 0.3134, 1.5827),
        GRADE_9=c(-1.0779, -0.3481, 0.3817, 1.5891),
        GRADE_10=c(-0.8354, -0.2465, 0.3423, 1.3758),
        GRADE_11=c(-1.0889, -0.4065, 0.2759, 1.4112)),
    ELA.2015_2016.2=list(
        GRADE_3=c(-0.9648, -0.2840, 0.3968, 2.0360),
        GRADE_4=c(-1.3004, -0.5079, 0.2846, 1.5578),
        GRADE_5=c(-1.3411, -0.4924, 0.3563, 2.0224),
        GRADE_6=c(-1.3656, -0.4827, 0.4002, 1.8133),
        GRADE_7=c(-1.2488, -0.5117, 0.2254, 1.2614),
        GRADE_8=c(-1.2730, -0.5402, 0.1925, 1.4696),
        GRADE_9=c(-1.1635, -0.4329, 0.2977, 1.5065),
        GRADE_10=c(-0.8909, -0.3112, 0.2684, 1.2858),
        GRADE_11=c(-1.1017, -0.3859, 0.3298, 1.5206)),
    MATHEMATICS=list(
        GRADE_3=c(-1.2403, -0.4553, 0.3296, 1.5902),
        GRADE_4=c(-1.2763, -0.4305, 0.4153, 1.9791),
        GRADE_5=c(-1.2730, -0.4103, 0.4523, 1.8156),
        GRADE_6=c(-1.2700, -0.3977, 0.4747, 1.8136),
        GRADE_7=c(-1.3483, -0.3747, 0.5989, 2.0131),
        GRADE_8=c(-0.8417, -0.0968, 0.6481, 2.1770)),
    MATHEMATICS.2015_2016.2=list(
        GRADE_3=c(-1.4141, -0.6356, 0.1429, 1.3931),
        GRADE_4=c(-1.384, -0.5484, 0.2873, 1.8323),
        GRADE_5=c(-1.4571, -0.5959, 0.2653, 1.6262),
        GRADE_6=c(-1.3829, -0.4948, 0.3935, 1.7567),
        GRADE_7=c(-1.4464, -0.4505, 0.5453, 1.9919),
        GRADE_8=c(-0.8851, -0.1264, 0.6323, 2.1896)),
    ALGEBRA_I =list(
        GRADE_EOCT=c(-1.1045, -0.2802, 0.5442, 2.3716)),
    ALGEBRA_I.2015_2016.2 =list(
        GRADE_EOCT=c(-1.1781, -0.3853, 0.4075, 2.1651)),
    ALGEBRA_II =list(
        GRADE_EOCT=c(-0.5384, 0.1635, 0.8654, 2.4823)),
    ALGEBRA_II.2015_2016.2 =list(
        GRADE_EOCT=c(-0.5759, 0.0860, 0.7480, 2.2728)),
    GEOMETRY=list(
        GRADE_EOCT=c(-1.2478, -0.2558, 0.7362, 2.0459)),
    GEOMETRY.2015_2016.2=list(
        GRADE_EOCT=c(-1.3013, -0.3389, 0.6235, 1.8940)),
    INTEGRATED_MATH_1=list(
        GRADE_EOCT=c(-0.8966, -0.145, 0.6066, 2.0720)),
    INTEGRATED_MATH_1.2015_2016.2=list(
        GRADE_EOCT=c(-1.0919, -0.3107, 0.4704, 1.9934)),
    INTEGRATED_MATH_2=list(
        GRADE_EOCT=c(-0.9298, -0.0769, 0.7760, 1.9669)),
    INTEGRATED_MATH_2.2015_2016.2=list(
        GRADE_EOCT=c(-0.9175, -0.0638, 0.7898, 1.9817)),
    INTEGRATED_MATH_3=list(
        GRADE_EOCT=c(-0.4075, 0.2249, 0.8574, 2.2163)),
    INTEGRATED_MATH_3.2015_2016.2=list(
        GRADE_EOCT=c(-0.7076, -0.0384, 0.6309, 2.0689)))

save(PARCC_Cutscores, file="PARCC_Cutscores.Rdata")

### Create without .2 notation

PARCC_Cutscores_NO_DOT_YEAR <- PARCC_Cutscores
names(PARCC_Cutscores_NO_DOT_YEAR) <- gsub("2015_2016[.]2", "2015_2016", names(PARCC_Cutscores))
save(PARCC_Cutscores_NO_DOT_YEAR, file="PARCC_Cutscores_NO_DOT_YEAR.Rdata")
